vdraws: 
[[0.31806616 0.11704835 0.17811705 ... 0.02798982 0.15521628 0.08905852]
 [0.31969309 0.11508951 0.17902813 ... 0.02557545 0.15601023 0.08951407]
 [0.32299742 0.11627907 0.18087855 ... 0.02325581 0.15762274 0.0878553 ]
 ...
 [0.31451613 0.1155914  0.1827957  ... 0.03225806 0.15322581 0.07526882]
 [0.32152589 0.11444142 0.1852861  ... 0.03269755 0.14986376 0.07356948]
 [0.32065217 0.11141304 0.18478261 ... 0.0326087  0.14673913 0.07336957]]
vdrawsh: 
[[0.2 0.2 0.4 ... 0.  0.  0. ]
 [0.2 0.2 0.4 ... 0.  0.  0. ]
 [0.2 0.2 0.4 ... 0.  0.  0. ]
 ...
 [0.2 0.2 0.4 ... 0.  0.  0. ]
 [0.2 0.2 0.4 ... 0.  0.  0. ]
 [0.2 0.2 0.4 ... 0.  0.  0. ]]
mvdraws: 
[0.32355013 0.11586822 0.17981789 0.08189577 0.04797857 0.02420836
 0.14747923 0.07920184]
mvdrawsh: 
[1.99863636e-01 1.99227273e-01 3.98454545e-01 1.99227273e-01
 1.00000000e-03 0.00000000e+00 2.27272727e-04 2.00000000e-03]
vdraws_sd: 
[0.00593991 0.00633566 0.00574409 0.00871111 0.00517844 0.00519352
 0.00513158 0.00616888]
vdrawsh_sd: 
[0.00698327 0.00366868 0.00733736 0.00366868 0.00948441 0.
 0.0045409  0.01333818]
vdraws_5: 
[0.30964407 0.10309146 0.16795866 0.06596219 0.03693883 0.01298701
 0.13672799 0.06824147]
vdrawsh_5: 
[0.18181818 0.18181818 0.36363636 0.18181818 0.         0.
 0.         0.        ]
vdraws_lower: 
[0.30691853 0.10204135 0.16688078 0.06315789 0.03557818 0.01287003
 0.13474425 0.06770833]
vdrawsh_lower: 
[0.18181818 0.18181818 0.36363636 0.18181818 0.         0.
 0.         0.        ]
vdraws_upper: 
[0.31034483 0.10437511 0.16839378 0.066313   0.03846154 0.01308901
 0.13720317 0.06842105]
vdrawsh_upper: 
[0.18181818 0.18181818 0.36363636 0.18181818 0.         0.
 0.         0.        ]
q_lower: 
0.025
q_upper: 
0.975
modeltype: 
4
