mdraws: 
[[1494203.   895870.7 -169534.  ...  797669.2 1174141.   193881.3]
 [ 862085.5  889233.8 -686292.7 ...  178652.5 1060891.   183994.6]
 [1021682.   895930.8 -559038.5 ...  163408.4 1125830.   162656.6]
 ...
 [1225529.   727549.8  120601.9 ...  577658.4 1271952.   291990.3]
 [1349441.   788361.   -26789.  ...  651892.5 1162056.   297718.7]
 [1217314.   731707.9  165906.1 ...  371400.8 1151864.   276982.9]]
sdraws: 
[[ 55080.95 293056.9  128341.   ...  36160.02 112663.6   36160.02]
 [ 55567.92 293175.6  135988.5  ...  34807.09 115915.1   34807.09]
 [ 55608.82 272077.1  133451.9  ...  35611.62 121643.2   35611.62]
 ...
 [ 54891.65 442036.7  114020.4  ...  36276.82 108520.2   36276.82]
 [ 54169.19 450436.2  130886.4  ...  36069.28 109414.    36069.28]
 [ 54154.05 213644.4  117607.8  ...  35964.37 114454.2   35964.37]]
mmean: 
[1064684.5589      728386.45655    -592804.686885   ...  434238.77546695
 1005173.4828      168275.6673955 ]
smean: 
[ 55121.258675 313837.8013   121494.385715 ...  36262.85611  117054.48136
  36262.85611 ]
msd: 
[205124.48206749 101903.00018542 371510.16481843 ... 264204.27591074
 178576.10447232  59252.53616014]
ssd: 
[  806.2619725  95090.11719073 12349.43961078 ...   630.1370125
  5830.45716739   630.1370125 ]
m_5: 
[  619887.8295    508180.121   -1459584.99    ...  -158588.709
   579659.9235     50923.14265]
s_5: 
[ 52886.7575  164417.748    97006.5566  ...  34793.92985 103226.377
  34793.92985]
m_lower: 
[  549293.047825     463088.867375   -1576281.54175    ...
  -233414.187275     487443.904575       3465.39446275]
s_lower: 
[ 52205.9430825 151815.09315    89840.4246475 ...  34228.26819
 100450.51643    34228.26819  ]
m_upper: 
[  640463.1659      531179.803925  -1405598.9515    ...  -126439.718725
   614919.6072       56728.6839775]
s_upper: 
[ 53133.664395  173471.5447     99275.0974925 ...  34878.7515025
 104590.13095    34878.7515025]
q_lower: 
0.025
q_upper: 
0.975
x_test: 
[[  25.            9.          389.         ...    3.89134311
   169.51009227    6.71127893]
 [  33.           12.          485.         ...    4.28677525
   203.35133781   10.55285631]
 [  16.           12.         1019.         ...    2.64406819
   162.06140144   13.18200604]
 ...
 [  37.            6.          223.         ...    4.32658372
   165.12941057   10.85631577]
 [  28.           11.         1014.         ...    3.01933238
   173.38239318   13.49085058]
 [  29.            4.          841.         ...    2.91767593
   187.15648357   12.57028823]]
modeltype: 
4
Mean(mdraws): 
1000263.3576405806
Mean(sdraws): 
69989.80732236704
Mean(msd): 
155670.88116380936
Mean(ssd): 
6618.228193326434
Mean(m_lower): 
552586.9581459158
Mean(m_5): 
626366.1346799723
Mean(m_upper): 
654461.5527984666
Mean(s_lower): 
57422.45394284168
Mean(s_5): 
59361.37216227249
Mean(s_upper): 
59938.77797164469
