vdraws: 
[[0.3342246  0.11229947 0.22727273 ... 0.02139037 0.13101604 0.07219251]
 [0.33870968 0.11290323 0.22849462 ... 0.01612903 0.12903226 0.07526882]
 [0.34146341 0.11111111 0.2303523  ... 0.01626016 0.1300813  0.0704607 ]
 ...
 [0.32880435 0.10869565 0.2173913  ... 0.02173913 0.13586957 0.06793478]
 [0.32249322 0.11382114 0.21680217 ... 0.02168022 0.14092141 0.06775068]
 [0.31967213 0.1147541  0.21857923 ... 0.02185792 0.1420765  0.06830601]]
vdrawsh: 
[[0.375 0.25  0.    ... 0.    0.125 0.   ]
 [0.375 0.25  0.    ... 0.    0.125 0.   ]
 [0.375 0.25  0.    ... 0.    0.125 0.   ]
 ...
 [0.25  0.25  0.25  ... 0.    0.    0.   ]
 [0.25  0.25  0.25  ... 0.    0.    0.   ]
 [0.25  0.25  0.25  ... 0.    0.    0.   ]]
mvdraws: 
[0.335959   0.11525204 0.22455139 0.06377842 0.03642342 0.01570285
 0.13942166 0.06891122]
mvdrawsh: 
[0.32997626 0.23989369 0.0979048  0.23989369 0.         0.
 0.09133157 0.001     ]
vdraws_sd: 
[0.00860606 0.00634337 0.00630274 0.01066489 0.00538802 0.00399444
 0.0050775  0.00616866]
vdrawsh_sd: 
[0.05696017 0.01721133 0.11845156 0.01721133 0.         0.
 0.05153643 0.01049601]
vdraws_5: 
[0.31621552 0.09625668 0.20936639 0.04155125 0.02472527 0.00819672
 0.12742206 0.05307189]
vdrawsh_5: 
[0.22222222 0.2        0.         0.2        0.         0.
 0.         0.        ]
vdraws_lower: 
[0.31376022 0.09486176 0.20833333 0.03856773 0.02448982 0.00815217
 0.125      0.05226966]
vdrawsh_lower: 
[0.22222222 0.19090455 0.         0.19090455 0.         0.
 0.         0.        ]
vdraws_upper: 
[0.31787027 0.09814324 0.21008403 0.04303406 0.02486188 0.00821918
 0.12809888 0.05602241]
vdrawsh_upper: 
[0.22222222 0.2        0.         0.2        0.         0.
 0.         0.        ]
q_lower: 
0.025
q_upper: 
0.975
modeltype: 
4
