msi: 
[0.40537915 0.08857473 0.05497927 0.05781355 0.00079388 0.00120602
 0.08804904 0.12365998]
msi_sd: 
[0.03107336 0.02942972 0.00578537 0.03408494 0.00086792 0.00133937
 0.03133225 0.01273678]
si_5: 
[3.08955239e-01 3.79005930e-02 3.92723528e-02 9.99360774e-03
 9.72822272e-05 1.32732278e-04 4.09730951e-02 9.34096280e-02]
si_lower: 
[2.75728060e-01 3.28830476e-02 3.51933555e-02 7.40062522e-03
 5.53119710e-05 1.12079707e-04 3.56979913e-02 8.84990669e-02]
si_upper: 
[3.27512083e-01 3.99269664e-02 4.13619316e-02 1.13197413e-02
 1.28693955e-04 1.40743149e-04 4.28531076e-02 9.55372521e-02]
msij: 
[1.98553307e-03 1.52963626e-03 4.69113069e-05 6.64232424e-04
 6.61777406e-04 1.08125022e-01 2.69170624e-02 9.24089683e-04
 1.09618216e-02 9.90474177e-04 2.89290190e-05 4.83930002e-04
 9.15373910e-05 1.93768555e-04 3.51990058e-05 5.56794003e-06
 3.15828475e-03 4.13897931e-03 1.28914557e-04 1.02806154e-05
 1.00506473e-02 2.69306487e-05 5.87579229e-06 1.60507255e-04
 3.73221968e-04 1.87659396e-03 3.48493013e-04 2.54901931e-03]
sij_sd: 
[7.13142691e-04 2.66661092e-04 7.81727505e-05 6.43120124e-04
 7.10211187e-04 1.47342013e-02 4.64888688e-03 3.03533661e-04
 5.06841334e-03 9.57081366e-04 4.13637261e-05 2.20527205e-04
 6.46466142e-05 2.54080329e-04 8.45616312e-05 4.59167634e-05
 9.97644020e-04 7.42072731e-04 1.89980730e-04 5.49901777e-05
 4.47401301e-03 2.36236791e-05 2.65772288e-05 1.01919875e-04
 1.80657965e-04 2.27938085e-03 1.93527771e-04 7.95498046e-04]
sij_5: 
[ 1.04471720e-03  8.85898029e-04  1.60294632e-06  1.64862343e-04
  1.95546728e-04  6.78299619e-02  1.69016656e-02  4.18544719e-04
  1.78785152e-03  1.91204328e-04  3.55261274e-09  1.75358905e-04
  2.25323555e-07 -8.60717083e-16  9.87673015e-07 -3.30543884e-16
  1.69313622e-03  2.21141239e-03  4.01144597e-06 -3.26768564e-16
  6.77186948e-04  3.20271468e-07 -3.04829039e-17  3.20752163e-05
  9.40574156e-05 -2.15311220e-16  3.07843436e-05  9.54939484e-04]
sij_lower: 
[ 9.53488298e-04  7.40501481e-04  9.64241000e-07  1.26409736e-04
  1.53701291e-04  6.02264645e-02  1.51237782e-02  3.73195118e-04
  7.80084397e-04  1.72245077e-04  2.97842633e-10  1.43438868e-04
  7.04282241e-08 -2.11910093e-15  4.05597694e-07 -4.82511895e-16
  1.46091339e-03  1.97756220e-03  1.82314355e-06 -4.98918961e-16
  2.90692007e-04  4.43623484e-08 -4.64071213e-17  2.52684783e-05
  6.45344771e-05 -3.12926271e-16  1.98008571e-05  7.32687354e-04]
sij_upper: 
[ 1.08814876e-03  9.49981709e-04  1.91100850e-06  1.78280926e-04
  2.11654210e-04  7.32478213e-02  1.73712083e-02  4.46931646e-04
  2.03942992e-03  2.03301422e-04  1.83393152e-08  1.85935190e-04
  4.28017807e-07 -2.18617595e-16  1.32027534e-06 -2.75407254e-16
  1.78161480e-03  2.38220329e-03  6.31346239e-06 -2.87336663e-16
  1.05132938e-03  5.38069934e-07 -2.66887236e-17  3.55847824e-05
  1.04239862e-04 -1.58703536e-16  4.86764636e-05  1.09978521e-03]
mtsi: 
[0.54756473 0.10582786 0.06543277 0.0799682  0.0044811  0.00440714
 0.21614903 0.15910348]
tsi_sd: 
[0.0374485  0.03031478 0.00655476 0.0345481  0.00203507 0.00343887
 0.03283759 0.01552864]
tsi_5: 
[0.43782801 0.05108338 0.0481374  0.02645281 0.00180296 0.00086857
 0.15159772 0.12139331]
tsi_lower: 
[0.36571355 0.04428421 0.04402741 0.02091775 0.00166788 0.00075865
 0.14110487 0.11049533]
tsi_upper: 
[0.45162087 0.05365848 0.05050867 0.02805958 0.00198776 0.00090985
 0.15483706 0.12398609]
q_lower: 
0.025
q_upper: 
0.975
modeltype: 
4
so_draws: 
[[1.758342e+11 2.649701e+10 2.600413e+10 ... 8.996009e+10 6.363948e+10
  3.920700e+11]
 [1.663570e+11 5.128598e+10 2.731678e+10 ... 8.903649e+10 6.223385e+10
  4.149524e+11]
 [1.606254e+11 5.845220e+10 2.693130e+10 ... 7.817420e+10 6.406817e+10
  4.023243e+11]
 ...
 [1.588736e+11 2.651325e+10 2.195661e+10 ... 8.289607e+10 6.214684e+10
  3.920064e+11]
 [1.519701e+11 3.486878e+10 2.287914e+10 ... 7.757185e+10 6.131778e+10
  3.985357e+11]
 [1.550477e+11 3.469131e+10 2.291853e+10 ... 7.199982e+10 6.089041e+10
  3.801041e+11]]
