mdraws: 
[[1615408.  1630638.  1615408.  ...  715111.1  690913.9  690913.9]
 [1606892.  1624716.  1606892.  ...  705450.8  666459.8  666459.8]
 [1622744.  1639663.  1622744.  ...  705570.2  677777.6  677777.6]
 ...
 [1606029.  1570664.  1606029.  ...  741709.3  741709.3  741709.3]
 [1615356.  1598004.  1615356.  ...  750159.1  750159.1  750159.1]
 [1617077.  1600432.  1617077.  ...  738327.5  738327.5  738327.5]]
sdraws: 
[[53863.61 70972.67 53863.61 ... 38518.86 38518.86 38518.86]
 [54399.68 70969.28 54399.68 ... 38179.46 38179.46 38179.46]
 [54626.09 69090.93 54626.09 ... 38031.09 38031.09 38031.09]
 ...
 [54054.17 73641.96 54054.17 ... 36271.15 36271.15 36271.15]
 [54348.99 75065.67 54348.99 ... 36514.64 36514.64 36514.64]
 [53333.02 76102.77 53333.02 ... 36682.18 36682.18 36682.18]]
mmean: 
[1616355.1245  1616806.9955  1615271.211   ...  713383.9232   710905.3682
  715081.27015]
smean: 
[54027.651185 75161.04494  54027.651185 ... 36592.05916  36592.05916
 36592.05916 ]
msd: 
[18929.14357847 26947.83036939 17265.06841568 ... 30480.38582665
 30002.20049529 31485.35318253]
ssd: 
[ 742.59365234 3642.94827951  742.59365234 ...  730.41329543  730.41329543
  730.41329543]
m_5: 
[1571397.58   1551546.265  1571398.985  ...  656850.9255  649996.8595
  650251.3755]
s_5: 
[52136.925   67075.26375 52136.925   ... 34940.03115 34940.03115
 34940.03115]
m_lower: 
[1554977.599    1527934.48475  1556505.86275  ...  649283.392075
  641584.3393    643725.539825]
s_lower: 
[51816.10382   65772.6156425 51816.10382   ... 34482.3157175 34482.3157175
 34482.3157175]
m_upper: 
[1574193.323    1557643.34525  1573982.07225  ...  661573.089925
  656032.885175  656592.713175]
s_upper: 
[52333.665835  67471.0575025 52333.665835  ... 35059.9836975 35059.9836975
 35059.9836975]
q_lower: 
0.025
q_upper: 
0.975
x_test: 
[[1 2 36 ... 2.572 211.0963582 8.106]
 [1 2 43 ... 2.548 211.2421698 8.106]
 [1 2 50 ... 2.514 211.2891429 8.106]
 ...
 [45 10 1016 ... 4.0 192.3272654 8.667]
 [45 10 1023 ... 3.969 192.3308542 8.667]
 [45 10 1030 ... 3.882 192.3088989 8.667]]
modeltype: 
4
Mean(mdraws): 
1046714.5557012472
Mean(sdraws): 
65018.71381007927
Mean(msd): 
17873.511339593515
Mean(ssd): 
3009.8346297624066
Mean(m_lower): 
988593.8948134882
Mean(m_5): 
1000930.6415551266
Mean(m_upper): 
1005109.5677209767
Mean(s_lower): 
57144.44294047048
Mean(s_5): 
58594.08481053613
Mean(s_upper): 
59081.56312594056
