vidraws: 
[[1.800050e+11 4.849346e+10 3.291024e+10 ... 9.825055e+06 3.959726e+10
  1.212262e+11]
 [1.854086e+11 4.084542e+10 3.352805e+10 ... 9.840311e+06 7.517759e+10
  1.198186e+11]
 [1.741790e+11 4.865732e+10 3.459948e+10 ... 2.335862e+07 6.448724e+10
  1.221121e+11]
 ...
 [1.833561e+11 4.039091e+10 3.312213e+10 ... 1.714427e+08 1.339916e+11
  1.139859e+11]
 [1.956934e+11 4.201097e+10 3.398865e+10 ... 1.429015e+08 8.481420e+10
  1.171770e+11]
 [1.869062e+11 4.109968e+10 3.320448e+10 ... 2.375966e+08 6.242025e+10
  1.167743e+11]]
vijdraws: 
[[ 1.203159e+09  9.056711e+08  1.127455e+08 ...  1.181211e+07
   4.577637e-05  6.290379e+08]
 [ 2.485102e+09  9.725918e+08  1.780582e+08 ...  1.697107e+07
   1.525879e-05  6.048151e+08]
 [ 1.536471e+09  9.214124e+08  1.316419e+08 ...  2.953424e+07
  -1.525879e-05  6.169144e+08]
 ...
 [ 1.586378e+09  8.533446e+08  1.924384e+08 ...  5.886401e+07
   0.000000e+00  4.991374e+08]
 [ 1.392957e+09  9.028338e+08  3.708062e+08 ...  9.105443e+07
   0.000000e+00  5.474337e+08]
 [ 1.532669e+09  8.352430e+08  3.886234e+08 ...  1.303532e+08
   2.798378e+05  5.362553e+08]]
tvidraws: 
[[2.371316e+11 5.863105e+10 3.873848e+10 ... 3.866858e+08 7.569235e+10
  1.487463e+11]
 [2.391264e+11 5.359889e+10 3.937243e+10 ... 3.613231e+08 1.084725e+11
  1.471616e+11]
 [2.301925e+11 5.957394e+10 4.038240e+10 ... 7.290294e+08 1.043005e+11
  1.494703e+11]
 ...
 [2.529761e+11 4.710574e+10 3.725691e+10 ... 2.707958e+08 1.801073e+11
  1.416031e+11]
 [2.659537e+11 4.758385e+10 3.874208e+10 ... 2.898993e+08 1.313757e+11
  1.459057e+11]
 [2.584986e+11 4.798631e+10 3.738537e+10 ... 4.195975e+08 1.093776e+11
  1.458236e+11]]
vdraws: 
[[5.227108e+11]
 [5.519730e+11]
 [5.449393e+11]
 ...
 [6.070859e+11]
 [5.875210e+11]
 [5.416957e+11]]
sidraws: 
[[3.44368243e-01 9.27730210e-02 6.29607041e-02 ... 1.87963497e-05
  7.57536672e-02 2.31918300e-01]
 [3.35901575e-01 7.39989456e-02 6.07421921e-02 ... 1.78275224e-05
  1.36197948e-01 2.17073299e-01]
 [3.19630095e-01 8.92894310e-02 6.34923559e-02 ... 4.28646273e-05
  1.18338391e-01 2.24083857e-01]
 ...
 [3.02026616e-01 6.65324462e-02 5.45592148e-02 ... 2.82402704e-04
  2.20712753e-01 1.87759096e-01]
 [3.33083243e-01 7.15054781e-02 5.78509534e-02 ... 2.43227902e-04
  1.44359436e-01 1.99443084e-01]
 [3.45039106e-01 7.58722656e-02 6.12972929e-02 ... 4.38616367e-04
  1.15231208e-01 2.15571768e-01]]
sijdraws: 
[[ 2.30176801e-03  1.73264279e-03  2.15693841e-04 ...  2.25977921e-05
   8.75749458e-17  1.20341478e-03]
 [ 4.50221659e-03  1.76202785e-03  3.22584982e-04 ...  3.07461959e-05
   2.76440877e-17  1.09573312e-03]
 [ 2.81952687e-03  1.69085327e-03  2.41571676e-04 ...  5.41973023e-05
  -2.80008984e-17  1.13207911e-03]
 ...
 [ 2.61310302e-03  1.40564062e-03  3.16987102e-04 ...  9.69615832e-05
   0.00000000e+00  8.22185790e-04]
 [ 2.37090589e-03  1.53668345e-03  6.31136930e-04 ...  1.54980724e-04
   0.00000000e+00  9.31768737e-04]
 [ 2.82939111e-03  1.54190443e-03  7.17420131e-04 ...  2.40639163e-04
   5.16595941e-07  9.89956723e-04]]
tsidraws: 
[[4.53657357e-01 1.12167283e-01 7.41107320e-02 ... 7.39770060e-04
  1.44807320e-01 2.84567107e-01]
 [4.33221190e-01 9.71041881e-02 7.13303549e-02 ... 6.54602852e-04
  1.96517764e-01 2.66610142e-01]
 [4.22418607e-01 1.09322158e-01 7.41044003e-02 ... 1.33781762e-03
  1.91398381e-01 2.74287980e-01]
 ...
 [4.16705610e-01 7.75932039e-02 6.13700796e-02 ... 4.46058457e-04
  2.96675149e-01 2.33250517e-01]
 [4.52670968e-01 8.09908922e-02 6.59416089e-02 ... 4.93427980e-04
  2.23610220e-01 2.48341251e-01]
 [4.77202607e-01 8.85853626e-02 6.90154454e-02 ... 7.74600020e-04
  2.01917054e-01 2.69198371e-01]]
msi: 
[3.29077168e-01 7.76931792e-02 5.49136877e-02 9.13895411e-02
 3.59236419e-04 2.71048037e-04 8.09146722e-02 2.29003267e-01]
msi_sd: 
[0.03188089 0.02254931 0.0056882  0.05306189 0.00060881 0.00023813
 0.03649859 0.02690249]
si_5: 
[2.43272403e-01 3.73932849e-02 4.07645282e-02 1.55196512e-02
 1.15478432e-05 2.09620416e-06 2.17887119e-02 1.65630756e-01]
si_lower: 
[2.25400022e-01 3.02527744e-02 3.64709125e-02 1.00644010e-02
 7.46658001e-06 7.23893413e-07 1.72373119e-02 1.56170662e-01]
si_upper: 
[2.47358559e-01 3.97872373e-02 4.16844681e-02 1.82352527e-02
 1.40376194e-05 3.32719085e-06 2.53234218e-02 1.69934574e-01]
msij: 
[1.98795121e-03 1.64931927e-03 1.74859814e-04 4.00121113e-04
 1.25274913e-04 6.26446255e-02 4.22230503e-02 5.95167367e-04
 8.98686637e-03 3.39396502e-04 3.23582289e-05 4.82616017e-04
 2.76887798e-04 2.44461321e-04 9.92198628e-05 5.63920047e-05
 6.39892866e-04 4.36841539e-03 5.93712527e-05 9.18570676e-06
 5.03044368e-03 1.70890409e-05 1.92410944e-06 1.22987992e-04
 3.10705845e-04 2.89019774e-05 7.14457971e-07 2.68409141e-03]
sij_sd: 
[5.88742331e-04 2.86791157e-04 1.73728448e-04 2.81715501e-04
 1.65396995e-04 1.31824284e-02 5.70033455e-03 1.57725485e-04
 4.21692916e-03 4.01440632e-04 7.45722600e-05 1.63497293e-04
 3.28809399e-04 2.16220923e-04 1.29398909e-04 1.12833744e-04
 2.06758868e-04 8.49759333e-04 7.55728479e-05 4.09709104e-05
 2.88169510e-03 4.21720615e-05 1.43105465e-05 6.82470884e-05
 1.27376379e-04 3.11047067e-05 7.00190793e-06 2.42475719e-03]
sij_5: 
[ 1.12575954e-03  1.03131349e-03  6.45510519e-06  1.41080329e-04
 -1.02752018e-15  3.56640484e-02  2.84980825e-02  2.36101236e-04
  1.40945597e-03  9.46298262e-05 -1.34767694e-16  1.90122648e-04
  4.19993860e-06  2.48248383e-05 -1.55073829e-16  4.84426755e-09
  2.63114742e-04  2.82720142e-03 -2.16826704e-16 -2.08692636e-16
  6.24266489e-04  2.00046068e-09 -9.19355242e-18  1.96729935e-05
  1.07127060e-04 -2.09359118e-16 -2.36146720e-16  6.70808623e-04]
sij_lower: 
[ 9.05411852e-04  9.41669529e-04  3.26383033e-06  1.30058194e-04
 -1.52690540e-15  3.31235346e-02  2.59765318e-02  2.07087883e-04
  1.05441045e-03  6.30777258e-05 -2.98596053e-16  1.55793420e-04
  4.16169454e-07  1.39163696e-05 -2.58462869e-16  5.63279085e-10
  2.27951276e-04  2.52881523e-03 -5.05238008e-16 -4.32240762e-16
  2.82588328e-04  4.24888383e-10 -1.72953571e-17  1.58023822e-05
  6.62491162e-05 -3.71227774e-16 -3.72100697e-16  5.59327681e-04]
sij_upper: 
[ 1.16193185e-03  1.06874207e-03  1.01282309e-05  1.52039261e-04
 -7.89852108e-16  3.64838298e-02  2.94369824e-02  2.51170540e-04
  1.68421458e-03  1.05303560e-04 -1.13929654e-16  2.03980684e-04
  6.86791522e-06  3.95527660e-05 -1.37382332e-16  8.79209752e-09
  2.80856891e-04  2.94976575e-03 -1.78356781e-16 -1.79595257e-16
  7.80803667e-04  3.90983665e-09 -7.61341050e-18  2.20091802e-05
  1.18089267e-04 -1.75463697e-16 -2.18312904e-16  6.97742991e-04]
mtsi: 
[0.44055495 0.0917765  0.06316928 0.10651439 0.00226459 0.00088257
 0.15437154 0.27994164]
tsi_sd: 
[0.04165199 0.02328982 0.00653732 0.0526406  0.00121914 0.00060534
 0.03649946 0.0291199 ]
tsi_5: 
[3.27901384e-01 5.01770908e-02 4.71350112e-02 2.69114031e-02
 9.76182013e-04 4.82414526e-05 8.00291620e-02 2.06048377e-01]
tsi_lower: 
[3.01771869e-01 4.22160978e-02 4.21122741e-02 2.12239212e-02
 8.57875532e-04 3.51332061e-05 6.92222100e-02 1.93815782e-01]
tsi_upper: 
[3.37059109e-01 5.24394973e-02 4.81567040e-02 3.22059687e-02
 1.02870114e-03 5.79282773e-05 8.47383479e-02 2.10422892e-01]
q_lower: 
0.025
q_upper: 
0.975
modeltype: 
4
so_draws: 
[[1.800050e+11 4.849346e+10 3.291024e+10 ... 7.569235e+10 1.487463e+11
  5.227108e+11]
 [1.854086e+11 4.084542e+10 3.352805e+10 ... 1.084725e+11 1.471616e+11
  5.519730e+11]
 [1.741790e+11 4.865732e+10 3.459948e+10 ... 1.043005e+11 1.494703e+11
  5.449393e+11]
 ...
 [1.833561e+11 4.039091e+10 3.312213e+10 ... 1.801073e+11 1.416031e+11
  6.070859e+11]
 [1.956934e+11 4.201097e+10 3.398865e+10 ... 1.313757e+11 1.459057e+11
  5.875210e+11]
 [1.869062e+11 4.109968e+10 3.320448e+10 ... 1.093776e+11 1.458236e+11
  5.416957e+11]]
Mean(vidraws): 
62887119086.50012
Mean(vijdraws): 
2761518180.31173
Mean(tvidraws): 
82843721288.54312
Mean(vdraws): 
582029325100.0
Mean(sidraws): 
0.10795272506386473
Mean(sijdraws): 
0.0047711532635205
Mean(tsidraws): 
0.14243443259528277
Mean(msij): 
0.0047711532635205
Mean(sij_sd): 
0.001176796147873355
Mean(sij_5): 
0.002604938282913758
Mean(sij_lower): 
0.0023662823841642494
Mean(sij_upper): 
0.0026947865722307097
Mean(so_draws): 
40559967936.646095
