vdraws: 
[[0.32791328 0.14634146 0.1897019  ... 0.01084011 0.1598916  0.06233062]
 [0.32880435 0.14673913 0.19021739 ... 0.01086957 0.1576087  0.0625    ]
 [0.32880435 0.14673913 0.19021739 ... 0.01086957 0.1576087  0.0625    ]
 ...
 [0.3260274  0.14794521 0.19178082 ... 0.01369863 0.15342466 0.06575342]
 [0.32967033 0.14835165 0.18956044 ... 0.01373626 0.15384615 0.07142857]
 [0.32786885 0.14754098 0.18852459 ... 0.0136612  0.15300546 0.07650273]]
vdrawsh: 
[[0.375 0.25  0.    ... 0.    0.    0.125]
 [0.375 0.25  0.    ... 0.    0.    0.125]
 [0.375 0.25  0.    ... 0.    0.    0.125]
 ...
 [0.25  0.25  0.    ... 0.    0.125 0.125]
 [0.25  0.25  0.    ... 0.    0.125 0.125]
 [0.25  0.25  0.    ... 0.    0.125 0.125]]
mvdraws: 
[0.32408401 0.13960641 0.19992116 0.06946163 0.03258074 0.01304231
 0.15352184 0.06778189]
mvdrawsh: 
[0.33119643 0.26541865 0.         0.26591865 0.00393056 0.
 0.00082639 0.13270933]
vdraws_sd: 
[0.0058566  0.00681425 0.00536511 0.00628009 0.00536276 0.00388883
 0.00561607 0.00478024]
vdrawsh_sd: 
[0.04456732 0.0194519  0.         0.01976086 0.02082423 0.
 0.00986221 0.00972595]
vdraws_5: 
[0.31070407 0.12435233 0.18848013 0.05555556 0.02168022 0.0052356
 0.13972572 0.05706444]
vdrawsh_5: 
[0.25       0.22222222 0.         0.22222222 0.         0.
 0.         0.11111111]
vdraws_lower: 
[0.30809399 0.12355225 0.18627908 0.05386969 0.01891903 0.00518135
 0.13764134 0.05622569]
vdrawsh_lower: 
[0.25       0.22222222 0.         0.22222222 0.         0.
 0.         0.11111111]
vdraws_upper: 
[0.3114303  0.12532637 0.18875305 0.05729167 0.02179837 0.00526997
 0.14010989 0.05764098]
vdrawsh_upper: 
[0.25       0.22222222 0.         0.22222222 0.         0.
 0.         0.11111111]
q_lower: 
0.025
q_upper: 
0.975
modeltype: 
4
