mdraws: 
[[1821476.   -265672.8   388912.7  ...  149578.7  1504539.     90756.46]
 [1149395.   -269797.9   406109.6  ...  174225.2  1504337.     92899.84]
 [1054408.   -292277.4   416220.6  ...  128140.4  1514091.     97240.74]
 ...
 [1583903.   -229785.   -143422.7  ...  400434.2  1568888.    242243.3 ]
 [1637248.   -243154.3   -83714.87 ...  400967.4  1576699.    236303.4 ]
 [1332494.   -219602.9  -109634.   ...  393182.2  1584280.    247846.5 ]]
sdraws: 
[[ 61127.72 165033.8  259521.1  ...  55462.57 118554.2   37849.37]
 [ 60779.07 157301.2  579713.9  ...  55796.23 116553.1   36474.97]
 [ 60419.8  170406.   377214.7  ...  52093.57 113155.4   36344.56]
 ...
 [ 61072.49 159718.7  387245.4  ...  55119.74 123795.4   35370.2 ]
 [ 61014.55 164267.7  441448.5  ...  50827.48 114442.9   35868.25]
 [ 60964.32 164018.9  472364.6  ...  52687.97 117262.4   36709.32]]
mmean: 
[1342240.9627   -267396.414385  -56550.12103  ...  333493.059885
 1521062.619     209382.81526 ]
smean: 
[ 60220.969455 157581.4646   366759.66195  ...  54012.119315 114713.69085
  36116.7445  ]
msd: 
[424793.45521015  66268.105985   264545.30797819 ...  96181.21507668
  48418.86396123  42825.31652953]
ssd: 
[ 1194.39916609  8711.703927   92064.75438259 ...  1940.96404133
  5398.31385058   733.82937021]
m_5: 
[ 271765.8965  -428064.8215  -378823.3265  ...   96114.48125 1414702.285
   77739.5275 ]
s_5: 
[ 57337.65575 137664.116   221395.2705  ...  49538.3262  102397.0135
  34316.9987 ]
m_lower: 
[ 165132.6282    -459403.299375  -462751.320775  ...   50376.373355
 1406378.47325     47086.7236925]
s_lower: 
[ 56340.2512875 130142.556125  190144.327775  ...  48224.5772525
 100831.420275   33935.4356825]
m_upper: 
[ 345833.498475  -412183.108775  -344279.7222    ...  111470.743575
 1418266.76875     88481.1735225]
s_upper: 
[ 57595.3760975 139663.5376    229860.371225  ...  49722.8330525
 102959.04705    34418.8793   ]
q_lower: 
0.025
q_upper: 
0.975
x_test: 
[[  25.            9.          389.         ...    2.75200433
   157.42766022   11.85590916]
 [  33.           12.          485.         ...    2.60106879
   132.21816814    4.63789655]
 [  16.           12.         1019.         ...    2.94841203
   215.25694211   10.54001679]
 ...
 [  37.            6.          223.         ...    4.34868739
   217.56233477    5.94702111]
 [  28.           11.         1014.         ...    4.20656843
   141.77607854    9.32891175]
 [  29.            4.          841.         ...    4.15751322
   190.2419159    13.98074618]]
modeltype: 
4
Mean(mdraws): 
995489.3254951749
Mean(sdraws): 
77555.28663447106
Mean(msd): 
218477.59560070085
Mean(ssd): 
6182.805485612981
Mean(m_lower): 
382003.1685386941
Mean(m_5): 
480766.96624904254
Mean(m_upper): 
516217.559653226
Mean(s_lower): 
63987.60556754669
Mean(s_5): 
66304.47401359251
Mean(s_upper): 
67005.68493699339
