vidraws: 
[[2.025973e+11 2.357059e+10 3.370011e+10 ... 3.711605e+08 5.666730e+10
  2.738408e+10]
 [2.184405e+11 2.078231e+10 3.378606e+10 ... 1.791712e+08 3.089135e+10
  2.709688e+10]
 [2.423557e+11 1.841305e+10 3.301587e+10 ... 2.325124e+08 3.849276e+10
  2.795861e+10]
 ...
 [2.341167e+11 2.397008e+10 3.185955e+10 ... 1.904155e+08 4.253548e+10
  1.446139e+10]
 [2.271623e+11 3.600913e+10 3.179121e+10 ... 1.646189e+08 3.752324e+10
  1.567771e+10]
 [2.206318e+11 2.423879e+10 3.100573e+10 ... 1.739144e+08 4.612817e+10
  1.738925e+10]]
vijdraws: 
[[1.006899e+09 7.016671e+08 2.940904e+08 ... 3.865972e+07 1.150750e+07
  7.763292e+07]
 [9.453108e+08 6.534823e+08 3.361950e+08 ... 4.506809e+07 1.176254e+07
  7.906908e+07]
 [1.070395e+09 6.856396e+08 3.729183e+08 ... 4.871214e+07 7.041617e+06
  8.131108e+07]
 ...
 [7.189718e+08 3.526953e+08 1.695666e+08 ... 2.471784e+06 1.372635e+07
  1.331863e+08]
 [7.524122e+08 3.497797e+08 1.777709e+08 ... 1.868715e+06 1.630915e+07
  1.678104e+08]
 [6.380309e+08 3.807784e+08 2.367287e+08 ... 2.690532e+06 8.720227e+06
  1.424540e+08]]
tvidraws: 
[[2.742280e+11 3.996141e+10 4.226173e+10 ... 8.169986e+08 1.226052e+11
  3.632602e+10]
 [2.963323e+11 3.710604e+10 4.230011e+10 ... 6.094593e+08 1.029812e+11
  3.620613e+10]
 [3.315410e+11 3.791226e+10 4.131523e+10 ... 5.982382e+08 1.215782e+11
  3.687175e+10]
 ...
 [2.830454e+11 2.966806e+10 3.712662e+10 ... 5.261020e+08 8.762042e+10
  2.111520e+10]
 [2.805306e+11 4.525944e+10 3.691144e+10 ... 5.417757e+08 8.709142e+10
  2.221951e+10]
 [2.745204e+11 2.985952e+10 3.612505e+10 ... 5.003272e+08 9.639183e+10
  2.346884e+10]]
vdraws: 
[[4.648419e+11]
 [4.538124e+11]
 [4.986482e+11]
 ...
 [4.287127e+11]
 [4.478085e+11]
 [4.369887e+11]]
sidraws: 
[[4.35841304e-01 5.07066811e-02 7.24980042e-02 ... 7.98466102e-04
  1.21906610e-01 5.89105242e-02]
 [4.81345375e-01 4.57949364e-02 7.44493980e-02 ... 3.94813363e-04
  6.80707491e-02 5.97094306e-02]
 [4.86025418e-01 3.69259330e-02 6.62107474e-02 ... 4.66285449e-04
  7.71942223e-02 5.60688076e-02]
 ...
 [5.46092290e-01 5.59117563e-02 7.43144535e-02 ... 4.44156425e-04
  9.92167482e-02 3.37321241e-02]
 [5.07275543e-01 8.04118948e-02 7.09928686e-02 ... 3.67610039e-04
  8.37930499e-02 3.50098535e-02]
 [5.04891316e-01 5.54677730e-02 7.09531619e-02 ... 3.97983746e-04
  1.05559183e-01 3.97933631e-02]]
sijdraws: 
[[2.16611067e-03 1.50947473e-03 6.32667580e-04 ... 8.31674597e-05
  2.47557288e-05 1.67009299e-04]
 [2.08304313e-03 1.43998335e-03 7.40823741e-04 ... 9.93099572e-05
  2.59193887e-05 1.74232965e-04]
 [2.14659353e-03 1.37499664e-03 7.47858510e-04 ... 9.76883903e-05
  1.41214127e-05 1.63063017e-04]
 ...
 [1.67704806e-03 8.22684516e-04 3.95525022e-04 ... 5.76559547e-06
  3.20175959e-05 3.10665628e-04]
 [1.68020973e-03 7.81092141e-04 3.96979736e-04 ... 4.17302262e-06
  3.64199206e-05 3.74736969e-04]
 [1.46006270e-03 8.71368985e-04 5.41727280e-04 ... 6.15698301e-06
  1.99552689e-05 3.25990123e-04]]
tsidraws: 
[[0.58993821 0.08596775 0.09091635 ... 0.00175758 0.26375677 0.07814704]
 [0.65298414 0.08176515 0.09321056 ... 0.00134298 0.22692461 0.07978215]
 [0.66487957 0.07603007 0.08285447 ... 0.00119972 0.24381558 0.07394341]
 ...
 [0.66022164 0.06920266 0.08660023 ... 0.00122717 0.20438028 0.04925256]
 [0.62645216 0.10106874 0.08242684 ... 0.00120984 0.19448362 0.04961833]
 [0.62820938 0.06833019 0.08266816 ... 0.00114494 0.22058197 0.05370583]]
msi: 
[4.88571097e-01 6.57128480e-02 7.63383208e-02 8.85338569e-02
 1.37532272e-03 4.33072021e-04 7.28981380e-02 5.55565764e-02]
msi_sd: 
[0.0395185  0.01818106 0.00703083 0.04807187 0.00102197 0.00048696
 0.02267162 0.01249251]
si_5: 
[3.73004403e-01 2.98365826e-02 5.92623529e-02 1.77417470e-02
 3.10277152e-04 2.34825126e-05 3.94926663e-02 2.79475313e-02]
si_lower: 
[3.42786546e-01 2.58515475e-02 5.51403079e-02 9.99487270e-03
 2.22430351e-04 1.27384313e-05 3.49951639e-02 2.00303228e-02]
si_upper: 
[3.82021242e-01 3.29408512e-02 6.09474454e-02 2.07831482e-02
 3.39534750e-04 2.74206558e-05 4.09146532e-02 3.09128263e-02]
msij: 
[1.69509267e-03 1.09799654e-03 2.99374879e-04 6.67707550e-04
 3.22933642e-04 1.03993467e-01 9.62115735e-03 2.49021015e-03
 1.30557372e-02 2.52331625e-04 2.63433865e-05 3.65247272e-04
 9.94718359e-04 2.17305319e-04 2.99615807e-05 3.84313057e-05
 2.83446845e-03 6.70963260e-03 7.26824510e-05 4.61701820e-05
 5.11574637e-05 5.55972936e-06 4.27506004e-07 8.89401538e-05
 1.33167105e-04 2.51917765e-05 2.71746367e-05 6.25992155e-04]
sij_sd: 
[3.40215832e-04 3.15265786e-04 1.95598834e-04 3.89540199e-04
 1.65651310e-04 1.50670766e-02 3.98979909e-03 6.01331183e-04
 6.17400556e-03 2.23301853e-04 6.49831581e-05 1.44068460e-04
 2.51802331e-04 1.55866183e-04 7.14565358e-05 7.47830358e-05
 7.79078055e-04 2.35370457e-03 7.21451145e-05 2.19777696e-04
 6.49343267e-05 1.85512041e-05 3.76529107e-06 3.07370096e-04
 4.66286351e-04 4.70455272e-05 1.27144346e-05 3.87050738e-04]
sij_5: 
[ 9.40283370e-04  6.20574943e-04  1.19017354e-05  1.68646823e-04
  9.53575782e-05  7.12997475e-02  4.04754089e-03  1.43299003e-03
  2.73588514e-03  2.61162622e-05  3.80060747e-06  1.41325098e-04
  5.63686612e-04  2.05159405e-05  7.09455002e-10 -2.90903338e-16
  1.38686065e-03  2.84908264e-03  3.45046624e-06 -2.79081965e-16
  7.71023380e-11 -1.00754145e-15 -1.37546912e-17  9.43285270e-07
  2.26415218e-05 -1.71241051e-16  6.40427715e-06  9.39488119e-05]
sij_lower: 
[ 8.03721745e-04  5.45817283e-04  3.34440268e-06  1.37851052e-04
  4.87291249e-05  6.08847849e-02  3.52117378e-03  1.23506085e-03
  9.85132687e-04  2.11838408e-05  1.44081141e-06  1.15485264e-04
  3.97354338e-04  7.68277558e-06  6.16359906e-11 -5.58768078e-16
  1.18039604e-03  2.46455260e-03  1.43423136e-06 -4.37327196e-16
  1.19281538e-12 -1.83530310e-15 -1.85570076e-17  6.14180403e-07
  1.70942296e-05 -3.85811975e-16  2.48050534e-06  6.23526373e-05]
sij_upper: 
[ 1.00459073e-03  6.38088919e-04  1.97262098e-05  1.79815758e-04
  1.07651577e-04  7.36774724e-02  4.21829661e-03  1.48113250e-03
  3.20197835e-03  3.04816753e-05  4.73787470e-06  1.54600425e-04
  5.95113979e-04  2.41020839e-05  1.54518975e-09 -2.61521181e-16
  1.44704851e-03  3.04944082e-03  4.79900823e-06 -2.30368948e-16
  3.29748749e-10 -9.05972427e-16 -1.18086056e-17  1.07750409e-06
  2.43732093e-05 -1.61204017e-16  7.19987656e-06  1.05222548e-04]
mtsi: 
[0.61034272 0.08624379 0.09208    0.10295994 0.00337386 0.00120436
 0.18386001 0.07574989]
tsi_sd: 
[0.04484655 0.0188305  0.00921481 0.04784786 0.00163394 0.00069045
 0.02582801 0.01626288]
tsi_5: 
[4.74597003e-01 4.83810972e-02 7.07256435e-02 3.20535989e-02
 1.42439223e-03 3.35888686e-04 1.25721862e-01 4.26968234e-02]
tsi_lower: 
[4.40218363e-01 3.85815523e-02 6.40723295e-02 2.30470574e-02
 1.25868876e-03 2.45522474e-04 1.15262617e-01 3.07765043e-02]
tsi_upper: 
[4.93447536e-01 5.16449800e-02 7.27817284e-02 3.44643802e-02
 1.48780185e-03 3.77176308e-04 1.31417752e-01 4.59627585e-02]
q_lower: 
0.025
q_upper: 
0.975
modeltype: 
4
so_draws: 
[[2.025973e+11 2.357059e+10 3.370011e+10 ... 1.226052e+11 3.632602e+10
  4.648419e+11]
 [2.184405e+11 2.078231e+10 3.378606e+10 ... 1.029812e+11 3.620613e+10
  4.538124e+11]
 [2.423557e+11 1.841305e+10 3.301587e+10 ... 1.215782e+11 3.687175e+10
  4.986482e+11]
 ...
 [2.341167e+11 2.397008e+10 3.185955e+10 ... 8.762042e+10 2.111520e+10
  4.287127e+11]
 [2.271623e+11 3.600913e+10 3.179121e+10 ... 8.709142e+10 2.221951e+10
  4.478085e+11]
 [2.206318e+11 2.423879e+10 3.100573e+10 ... 9.639183e+10 2.346884e+10
  4.369887e+11]]
Mean(vidraws): 
46136681942.81931
Mean(vijdraws): 
2253662884.517798
Mean(tvidraws): 
62709324247.07375
Mean(vdraws): 
434258185950.0
Mean(sidraws): 
0.10617740398729356
Mean(sijdraws): 
0.005206734995808107
Mean(tsidraws): 
0.1444768210599845
Mean(msij): 
0.005206734995808108
Mean(sij_sd): 
0.0011770417621823775
Mean(sij_5): 
0.003088275177012334
Mean(sij_lower): 
0.0025870602617427472
Mean(sij_upper): 
0.003213462587451241
Mean(so_draws): 
30402862138.569843
