vdraws: 
[[0.2826087  0.14402174 0.18206522 ... 0.01902174 0.17391304 0.05978261]
 [0.28453039 0.14640884 0.18232044 ... 0.01933702 0.17403315 0.06077348]
 [0.28374656 0.14600551 0.18181818 ... 0.01928375 0.17355372 0.06060606]
 ...
 [0.30769231 0.15119363 0.18567639 ... 0.01856764 0.16710875 0.06366048]
 [0.30913978 0.15322581 0.18817204 ... 0.0188172  0.16397849 0.06182796]
 [0.30503979 0.15119363 0.18567639 ... 0.01856764 0.16180371 0.07161804]]
vdrawsh: 
[[0.27272727 0.36363636 0.         ... 0.         0.09090909 0.        ]
 [0.27272727 0.36363636 0.         ... 0.         0.09090909 0.        ]
 [0.27272727 0.36363636 0.         ... 0.         0.09090909 0.        ]
 ...
 [0.25       0.33333333 0.         ... 0.         0.08333333 0.        ]
 [0.25       0.33333333 0.         ... 0.         0.08333333 0.        ]
 [0.25       0.33333333 0.         ... 0.         0.08333333 0.        ]]
mvdraws: 
[0.29504059 0.15194742 0.17840106 0.0797058  0.0459964  0.01543218
 0.17180903 0.06166754]
mvdrawsh: 
[0.25152622 0.3353683  0.04511859 0.16768415 0.11538374 0.
 0.08449592 0.00042308]
vdraws_sd: 
[0.00759787 0.00791541 0.00513583 0.00792028 0.00524207 0.00461642
 0.00678312 0.00415222]
vdrawsh_sd: 
[0.02066209 0.02754945 0.04296466 0.01377472 0.04096233 0.
 0.00939556 0.00569048]
vdraws_5: 
[0.27717327 0.1352778  0.168      0.06382979 0.03571429 0.00797872
 0.15873016 0.05347594]
vdrawsh_5: 
[0.21428571 0.28571429 0.         0.14285714 0.07692308 0.
 0.07142857 0.        ]
vdraws_lower: 
[0.27260572 0.13315298 0.16513779 0.0625     0.03475936 0.00792603
 0.15782434 0.05326238]
vdrawsh_lower: 
[0.21428571 0.28571429 0.         0.14285714 0.07692308 0.
 0.07142857 0.        ]
vdraws_upper: 
[0.27792916 0.13586957 0.1684492  0.06451613 0.03679281 0.008
 0.15915119 0.05368997]
vdrawsh_upper: 
[0.21428571 0.28571429 0.         0.14285714 0.07692308 0.
 0.07142857 0.        ]
q_lower: 
0.025
q_upper: 
0.975
modeltype: 
4
