mdraws: 
[[1412538.   -385173.4    42347.52 ...  451758.8  1538000.   -207089.9 ]
 [1087095.   -387750.8    73346.43 ...  449948.4  1554413.   -229507.3 ]
 [1242232.   -398856.     18019.11 ...  456071.7  1549218.   -232305.9 ]
 ...
 [1506878.   -289448.5   234548.1  ...  467478.   1628526.   -228836.1 ]
 [1172679.   -328160.7   204982.5  ...  472342.3  1658699.   -127939.9 ]
 [1354515.   -304274.7   204468.2  ...  480304.2  1635822.   -139547.1 ]]
sdraws: 
[[ 54976.52 115082.3  445524.8  ...  35900.66  55483.36  35900.66]
 [ 54248.7  131884.8  344735.7  ...  34618.79  60683.93  34618.79]
 [ 54940.18 132639.1  386912.7  ...  35979.27  67738.6   35979.27]
 ...
 [ 55959.15 122531.   410612.8  ...  35034.31  60805.03  35034.31]
 [ 55244.43 113038.2  319238.   ...  35296.09  58396.75  35296.09]
 [ 57324.35  98804.68 373690.6  ...  36030.57  61830.63  36030.57]]
mmean: 
[1097425.5214     -358119.28535     148528.25946005 ...  459257.2216
 1522240.7395       21989.45894115]
smean: 
[ 55218.718015 119051.749895 376935.59985  ...  35623.772015  62729.028035
  35623.772015]
msd: 
[211760.3294539   71008.22200393  74437.49833494 ...  36834.24997661
  67522.18661282 114544.15135936]
ssd: 
[  804.46732152 10015.6225202  41196.55831179 ...   595.20903234
  2910.5528149    595.20903234]
m_5: 
[ 644316.9315  -545537.58     -17488.53485 ...  371312.2185  1353911.52
 -281250.9465 ]
s_5: 
[ 53292.88735  96985.9453  292983.5075  ...  34105.2533   55745.92015
  34105.2533 ]
m_lower: 
[ 542102.633725 -574895.60655   -66427.40217  ...  357452.3636
 1270893.75025  -341691.549775]
s_lower: 
[ 52869.85227    88032.7455625 262185.012525  ...  33827.8121325
  55040.5903525  33827.8121325]
m_upper: 
[ 662626.798675  -534557.147075    -2171.9792135 ...  381993.665675
 1368390.94425   -261115.208    ]
s_upper: 
[ 53490.879385   98217.0418775 299466.909425  ...  34298.9249
  56397.6384175  34298.9249   ]
q_lower: 
0.025
q_upper: 
0.975
x_test: 
[[  25.            9.          389.         ...    2.75200433
   157.42766022   11.85590916]
 [  33.           12.          485.         ...    2.60106879
   132.21816814    4.63789655]
 [  16.           12.         1019.         ...    2.94841203
   215.25694211   10.54001679]
 ...
 [  37.            6.          223.         ...    4.34868739
   217.56233477    5.94702111]
 [  28.           11.         1014.         ...    4.20656843
   141.77607854    9.32891175]
 [  29.            4.          841.         ...    4.15751322
   190.2419159    13.98074618]]
modeltype: 
4
Mean(mdraws): 
948753.8942275348
Mean(sdraws): 
73269.45968972909
Mean(msd): 
175926.8251614288
Mean(ssd): 
5132.787263829475
Mean(m_lower): 
463359.4993099742
Mean(m_5): 
540328.9373090594
Mean(m_upper): 
569443.835156317
Mean(s_lower): 
61873.69592028688
Mean(s_5): 
63696.47417365749
Mean(s_upper): 
64314.31333886681
