msi: 
[0.45361122 0.06080706 0.04813293 0.07054696 0.00143514 0.00097547
 0.08638991 0.00844204]
msi_sd: 
[0.03692546 0.01868062 0.00656633 0.04381243 0.00164166 0.00139679
 0.0455331  0.00538275]
si_5: 
[3.49768926e-01 2.45468390e-02 3.25814331e-02 1.28970323e-02
 5.26627730e-05 2.94506315e-05 2.13756688e-02 1.49847935e-03]
si_lower: 
[3.20975151e-01 1.31178496e-02 2.79723635e-02 8.65831393e-03
 3.46929622e-05 1.69845788e-05 1.68058284e-02 1.10972475e-03]
si_upper: 
[3.61001752e-01 2.69852530e-02 3.40518019e-02 1.39436034e-02
 6.16564404e-05 4.00459254e-05 2.34098849e-02 1.61429690e-03]
msij: 
[1.58371647e-03 1.47227399e-03 5.26780368e-05 3.93704686e-04
 7.29724935e-04 2.15238364e-01 1.53441757e-02 1.60817829e-03
 9.46864941e-03 4.61028256e-04 2.42894723e-05 3.63603758e-04
 1.58344483e-04 8.32547413e-04 2.25740495e-04 2.16465590e-04
 1.56871589e-03 3.36777702e-04 2.36879840e-04 1.68527574e-04
 9.76479800e-03 2.31340579e-05 1.89953285e-06 9.13894827e-04
 4.45579418e-04 8.65495881e-05 1.63590109e-04 1.10371591e-03]
sij_sd: 
[3.30074832e-04 2.54753934e-04 7.44354558e-05 2.95712523e-04
 5.03167367e-04 2.84485832e-02 3.67601275e-03 1.14200586e-03
 4.63049974e-03 3.96616259e-04 1.16987335e-04 2.68481123e-04
 1.02479550e-04 9.49866713e-04 9.21509945e-05 3.24875528e-04
 5.86322634e-04 2.01262688e-04 3.42052546e-04 4.06830867e-04
 4.34853923e-03 9.21199079e-05 2.72477958e-05 4.05539738e-04
 1.29341882e-04 1.55471597e-04 1.70507976e-04 3.77052259e-04]
sij_5: 
[ 9.11998034e-04  9.24044442e-04  4.19252016e-10  1.15954036e-04
  1.18844582e-04  1.46602259e-01  7.40773665e-03  2.92209348e-04
  2.21518418e-03  9.64752401e-05 -3.38260474e-16  7.94618324e-05
  2.14482954e-05  9.05545534e-06  5.85805821e-05  5.01161259e-06
  7.81325344e-04  3.20107702e-05 -3.01611641e-16 -2.60894052e-16
  1.54243011e-03  7.84534420e-11 -3.64069060e-17  4.31886769e-04
  2.06305001e-04  4.25891924e-06 -5.65619639e-17  4.05521088e-04]
sij_lower: 
[ 8.14628048e-04  8.49285632e-04  4.03169453e-11  9.01181052e-05
  7.25244584e-05  1.22121776e-01  6.85664016e-03  1.90433236e-04
  1.58331576e-03  6.88497901e-05 -4.48822735e-16  6.20991548e-05
  1.61956472e-05  1.12768294e-07  3.30296020e-05  2.70723144e-06
  6.87487193e-04  1.84640928e-05 -7.48653035e-16 -5.23090915e-16
  7.84197829e-04  2.78184370e-11 -7.13629265e-17  3.92778708e-04
  1.82421364e-04  1.88960558e-06 -7.98806315e-17  3.16417515e-04]
sij_upper: 
[ 9.55967600e-04  9.60042285e-04  5.26919698e-09  1.24241363e-04
  1.48099735e-04  1.51782373e-01  7.84180619e-03  3.14438425e-04
  2.44852525e-03  1.03725722e-04 -2.68202458e-16  9.09529049e-05
  2.49689405e-05  1.55795942e-05  7.30138063e-05  6.22583956e-06
  8.51757733e-04  3.89538579e-05 -2.41895951e-16 -2.12887176e-16
  1.81691837e-03  2.13919849e-10 -3.13504744e-17  4.50004897e-04
  2.23669706e-04  4.69493660e-06 -4.70509319e-17  4.27171571e-04]
mtsi: 
[0.69305538 0.07746264 0.05725332 0.09271414 0.00470939 0.00302032
 0.31916494 0.02939827]
tsi_sd: 
[0.05104447 0.02000825 0.00800858 0.04373536 0.00219172 0.00215708
 0.04546053 0.00766708]
tsi_5: 
[0.53726692 0.03815937 0.03932462 0.02875065 0.0021875  0.00092022
 0.22421421 0.01697293]
tsi_lower: 
[0.49137575 0.02222714 0.03372417 0.02414677 0.00194273 0.00078438
 0.20356911 0.01441864]
tsi_upper: 
[0.55321446 0.04090688 0.04054114 0.03185691 0.00226794 0.00098515
 0.22951056 0.01740482]
q_lower: 
0.025
q_upper: 
0.975
modeltype: 
4
so_draws: 
[[1.958689e+11 2.204954e+10 1.627062e+10 ... 1.115065e+11 1.166288e+10
  3.881817e+11]
 [1.985759e+11 1.259894e+10 1.571452e+10 ... 1.207672e+11 1.251001e+10
  3.863404e+11]
 [1.988663e+11 1.638074e+10 1.638853e+10 ... 1.259089e+11 1.219656e+10
  3.928269e+11]
 ...
 [1.680484e+11 2.012812e+10 1.895868e+10 ... 1.450726e+11 1.666549e+10
  3.956325e+11]
 [1.720918e+11 2.486695e+10 1.820151e+10 ... 1.372361e+11 1.761518e+10
  4.064247e+11]
 [1.834261e+11 2.140950e+10 1.863423e+10 ... 1.129305e+11 1.698191e+10
  3.874072e+11]]
