mdraws: 
[[1702286.  1665538.  1634289.  ...  714551.1  714551.1  714551.1]
 [1681333.  1648142.  1622465.  ...  716932.1  716932.1  716932.1]
 [1705980.  1661151.  1623184.  ...  726391.9  726391.9  726391.9]
 ...
 [1637757.  1655508.  1616754.  ...  710988.6  710988.6  710988.6]
 [1641882.  1687652.  1646121.  ...  715453.   715453.   715453. ]
 [1662450.  1675245.  1634322.  ...  714176.4  710390.7  710390.7]]
sdraws: 
[[55536.33 55536.33 55536.33 ... 35834.11 35834.11 35834.11]
 [56523.45 56523.45 56523.45 ... 35501.3  35501.3  35501.3 ]
 [56189.36 56189.36 56189.36 ... 36563.97 36563.97 36563.97]
 ...
 [53566.69 53566.69 53566.69 ... 35969.3  35969.3  35969.3 ]
 [54523.4  54523.4  54523.4  ... 37113.35 37113.35 37113.35]
 [53425.02 53425.02 53425.02 ... 35294.67 35294.67 35294.67]]
mmean: 
[1671769.688   1635842.787   1603132.327   ...  717021.3127   716469.66285
  716525.5228 ]
smean: 
[55570.923975 55570.923975 55570.923975 ... 35807.760455 35807.760455
 35807.760455]
msd: 
[22091.6741731  19995.94627649 19567.4612921  ... 12353.60947422
 12142.41689272 12083.6296714 ]
ssd: 
[893.37033454 893.37033454 893.37033454 ... 606.78998534 606.78998534
 606.78998534]
m_5: 
[1615313.37   1584126.43   1550800.905  ...  688313.447   687255.2115
  687255.2115]
s_5: 
[53425.00125 53425.00125 53425.00125 ... 34297.50395 34297.50395
 34297.50395]
m_lower: 
[1589908.8535  1536247.977   1516175.13325 ...  684512.79135  680709.398
  678800.353  ]
s_lower: 
[53058.626695 53058.626695 53058.626695 ... 33936.686945 33936.686945
 33936.686945]
m_upper: 
[1619621.93225  1588678.8885   1555260.43125  ...  690545.5362
  690034.989075  690020.7228  ]
s_upper: 
[53507.148185  53507.148185  53507.148185  ... 34461.2870175 34461.2870175
 34461.2870175]
q_lower: 
0.025
q_upper: 
0.975
x_test: 
[[1 2 36 ... 2.572 211.0963582 8.106]
 [1 2 43 ... 2.548 211.2421698 8.106]
 [1 2 50 ... 2.514 211.2891429 8.106]
 ...
 [45 10 1016 ... 4.0 192.3272654 8.667]
 [45 10 1023 ... 3.969 192.3308542 8.667]
 [45 10 1030 ... 3.882 192.3088989 8.667]]
modeltype: 
4
Mean(mdraws): 
1045784.4078206612
Mean(sdraws): 
63687.25702347944
Mean(msd): 
16884.996131666936
Mean(ssd): 
2624.616233289867
Mean(m_lower): 
990836.6135838182
Mean(m_5): 
1002954.7248281896
Mean(m_upper): 
1006890.6263974487
Mean(s_lower): 
56708.714309433955
Mean(s_5): 
57963.36559023309
Mean(s_upper): 
58342.704320557896
