vidraws: 
[[1.867070e+11 2.800605e+10 1.778029e+10 ... 2.624611e+08 2.399702e+10
  4.370337e+10]
 [1.858842e+11 3.147576e+10 1.818375e+10 ... 5.194754e+08 2.328099e+10
  4.183501e+10]
 [1.806194e+11 2.074440e+10 1.771297e+10 ... 8.316539e+08 1.360356e+10
  4.386878e+10]
 ...
 [2.046829e+11 2.352783e+10 1.534025e+10 ... 7.560811e+08 3.641601e+10
  2.633161e+10]
 [2.158153e+11 1.977972e+10 1.551172e+10 ... 1.326194e+09 2.042514e+10
  2.183628e+10]
 [2.088617e+11 2.341923e+10 1.530687e+10 ... 8.327807e+08 2.612118e+10
  2.197346e+10]]
vijdraws: 
[[4.809867e+08 8.446157e+08 1.641870e+07 ... 2.714714e+07 3.714247e+07
  1.360881e+09]
 [5.356459e+08 7.964522e+08 1.763854e+07 ... 5.502067e+07 3.770405e+07
  1.400297e+09]
 [5.852813e+08 7.593648e+08 1.031762e+07 ... 1.182809e+08 4.225336e+07
  1.378792e+09]
 ...
 [1.052152e+09 1.071989e+09 7.820059e+07 ... 6.921039e+07 4.974112e+07
  8.730538e+08]
 [1.158451e+09 1.187658e+09 6.836128e+07 ... 1.009716e+08 4.221862e+07
  8.281963e+08]
 [1.006868e+09 1.154263e+09 7.940133e+07 ... 1.119726e+08 4.714390e+07
  8.875834e+08]]
tvidraws: 
[[2.484229e+11 3.724636e+10 2.196720e+10 ... 9.146989e+08 6.172746e+10
  7.584659e+10]
 [2.446306e+11 3.975761e+10 2.253964e+10 ... 1.238180e+09 5.856928e+10
  7.266269e+10]
 [2.404052e+11 2.845511e+10 2.187200e+10 ... 1.551849e+09 4.994782e+10
  7.456517e+10]
 ...
 [2.872021e+11 2.980386e+10 2.092822e+10 ... 2.780694e+09 9.226230e+10
  5.876873e+10]
 [2.972470e+11 2.565463e+10 2.130895e+10 ... 3.847218e+09 7.766044e+10
  5.212718e+10]
 [2.845094e+11 3.050270e+10 2.138354e+10 ... 1.969177e+09 7.765588e+10
  5.210625e+10]]
vdraws: 
[[4.044334e+11]
 [4.041899e+11]
 [3.701111e+11]
 ...
 [4.126397e+11]
 [4.074386e+11]
 [4.032958e+11]]
sidraws: 
[[0.46165079 0.06924762 0.04396346 ... 0.00064896 0.05933491 0.10806073]
 [0.45989323 0.07787369 0.04498814 ... 0.00128523 0.05759914 0.10350335]
 [0.488014   0.05604912 0.04785852 ... 0.00224704 0.03675534 0.11852868]
 ...
 [0.49603298 0.05701785 0.03717589 ... 0.0018323  0.08825135 0.06381259]
 [0.52968791 0.0485465  0.03807131 ... 0.00325495 0.0501306  0.05359404]
 [0.51788712 0.05806961 0.03795445 ... 0.00206494 0.06476928 0.05448472]]
sijdraws: 
[[1.18928531e-03 2.08839255e-03 4.05967954e-05 ... 6.71238824e-05
  9.18382854e-05 3.36490755e-03]
 [1.32523326e-03 1.97049011e-03 4.36392399e-05 ... 1.36125791e-04
  9.32830088e-05 3.46445322e-03]
 [1.58136651e-03 2.05172123e-03 2.78770888e-05 ... 3.19582147e-04
  1.14163990e-04 3.72534625e-03]
 ...
 [2.54980798e-03 2.59788140e-03 1.89513006e-04 ... 1.67725960e-04
  1.20543709e-04 2.11577752e-03]
 [2.84325295e-03 2.91493737e-03 1.67783023e-04 ... 2.47820408e-04
  1.03619588e-04 2.03268983e-03]
 [2.49659927e-03 2.86207543e-03 1.96881123e-04 ... 2.77643853e-04
  1.16896581e-04 2.20082480e-03]]
tsidraws: 
[[0.61424922 0.09209516 0.05431599 ... 0.00226168 0.15262701 0.1875379 ]
 [0.6052368  0.09836369 0.05576498 ... 0.00306336 0.14490535 0.17977364]
 [0.64954874 0.07688262 0.05909577 ... 0.00419293 0.13495359 0.20146699]
 ...
 [0.6960118  0.07222732 0.0507179  ... 0.00673879 0.22359046 0.14242142]
 [0.72955042 0.06296563 0.05229978 ... 0.00944245 0.19060649 0.12793874]
 [0.70546086 0.07563357 0.05302198 ... 0.00488271 0.19255316 0.12920107]]
msi: 
[0.48021212 0.0738206  0.03847459 0.06406115 0.00054989 0.00303246
 0.05768608 0.08227168]
msi_sd: 
[0.03687383 0.02808053 0.0046873  0.03515289 0.00046602 0.0028032
 0.02488488 0.02413394]
si_5: 
[3.91091029e-01 2.58405705e-02 2.69906756e-02 1.17514879e-02
 5.36718589e-05 5.89133852e-05 2.09904037e-02 4.05113574e-02]
si_lower: 
[3.68159236e-01 2.04593248e-02 2.43127851e-02 5.47062653e-03
 3.74359861e-05 2.54048652e-05 1.82820510e-02 3.66943156e-02]
si_upper: 
[3.95476228e-01 2.73940676e-02 2.81019571e-02 1.42403257e-02
 5.84267804e-05 1.28326698e-04 2.20171636e-02 4.31531443e-02]
msij: 
[2.32093908e-03 2.04952239e-03 1.46896271e-04 1.04336078e-03
 1.46625662e-04 9.05287828e-02 6.19323198e-02 1.03796742e-03
 1.49745984e-02 2.45380518e-04 1.85118584e-04 2.52970404e-04
 4.35448935e-04 6.30970301e-05 1.70037828e-04 6.89209752e-04
 2.05602069e-03 4.28653952e-03 2.39942528e-04 6.82625423e-04
 7.43153442e-03 1.22464728e-05 1.74503202e-05 7.13931165e-04
 1.04841348e-04 9.31910331e-04 1.06299073e-04 3.39521072e-03]
sij_sd: 
[7.24347133e-04 3.05520049e-04 1.04695435e-04 2.21185299e-04
 1.62682169e-04 1.15879522e-02 6.89419931e-03 4.54705031e-04
 6.14245929e-03 1.06243582e-04 6.89931254e-04 1.03582190e-04
 2.38373346e-04 6.57123680e-05 2.52418503e-04 6.89235500e-04
 1.43422031e-03 1.59700940e-03 1.60366721e-04 3.97471081e-04
 3.08878897e-03 3.31543427e-05 2.44170607e-05 3.28589835e-04
 6.45457163e-05 1.25597727e-03 8.89948243e-05 9.54531043e-04]
sij_5: 
[ 1.17346881e-03  1.37454342e-03  4.58763181e-06  6.04851554e-04
 -4.68987464e-16  6.58725233e-02  4.53063864e-02  5.53081661e-04
  2.15476280e-03  6.57178289e-05 -3.47430855e-16  9.06160139e-05
  6.81450623e-05  1.02323469e-08  1.39584581e-06  2.21948600e-05
  8.41963530e-05  1.53833493e-03  7.67784895e-06  5.90757141e-05
  1.01667316e-03  7.01632288e-10  2.27358200e-07  2.39512495e-04
  2.16262294e-05  1.83237809e-05  1.30614483e-05  1.53875131e-03]
sij_lower: 
[ 8.85732843e-04  1.25686728e-03  1.24390314e-06  5.28205675e-04
 -1.08259725e-15  5.73056839e-02  4.09036278e-02  5.21105430e-04
  1.49178197e-03  5.72660253e-05 -6.73692082e-16  7.64677195e-05
  4.54627100e-05  4.05830744e-10  9.28684786e-07  1.32167095e-05
  6.61082375e-05  1.34358327e-03  2.76060969e-06  2.27946884e-05
  2.45651759e-04  2.02549670e-10  5.25163835e-08  1.86155676e-04
  1.75501289e-05  5.68599621e-06  2.57213443e-06  1.03199753e-03]
sij_upper: 
[ 1.26326999e-03  1.41248603e-03  7.09963704e-06  6.35288551e-04
 -3.28976287e-16  6.73575164e-02  4.64881338e-02  5.74593609e-04
  2.89057652e-03  7.54894308e-05 -2.85397293e-16  1.02079920e-04
  9.08356131e-05  4.10189168e-08  2.15414982e-06  2.64015748e-05
  9.60440815e-05  1.65029112e-03  1.15717234e-05  8.87292249e-05
  1.26218304e-03  2.22503033e-09  3.45065171e-07  2.73063751e-04
  2.49739330e-05  2.26393978e-05  1.74750278e-05  1.65383111e-03]
mtsi: 
[0.64142357 0.09455906 0.0501727  0.08822721 0.00376944 0.00656462
 0.16517404 0.15393969]
tsi_sd: 
[0.04265501 0.02841091 0.00564311 0.03561315 0.00097531 0.00381727
 0.02567485 0.02692008]
tsi_5: 
[0.52551092 0.04097232 0.03461753 0.02808737 0.00224539 0.00101016
 0.11563962 0.10035301]
tsi_lower: 
[0.50095243 0.0331059  0.03129587 0.01630946 0.00204872 0.00075256
 0.10732256 0.09333203]
tsi_upper: 
[0.53843476 0.04420126 0.03680015 0.03057539 0.00230186 0.00120754
 0.11799232 0.10256253]
q_lower: 
0.025
q_upper: 
0.975
modeltype: 
4
so_draws: 
[[1.867070e+11 2.800605e+10 1.778029e+10 ... 6.172746e+10 7.584659e+10
  4.044334e+11]
 [1.858842e+11 3.147576e+10 1.818375e+10 ... 5.856928e+10 7.266269e+10
  4.041899e+11]
 [1.806194e+11 2.074440e+10 1.771297e+10 ... 4.994782e+10 7.456517e+10
  3.701111e+11]
 ...
 [2.046829e+11 2.352783e+10 1.534025e+10 ... 9.226230e+10 5.876873e+10
  4.126397e+11]
 [2.158153e+11 1.977972e+10 1.551172e+10 ... 7.766044e+10 5.212718e+10
  4.074386e+11]
 [2.088617e+11 2.341923e+10 1.530687e+10 ... 7.765588e+10 5.210625e+10
  4.032958e+11]]
Mean(vidraws): 
41725174367.06281
Mean(vijdraws): 
2911429073.059266
Mean(tvidraws): 
62691781752.5875
Mean(vdraws): 
416851410800.0
Mean(sidraws): 
0.10001357233539147
Mean(sijdraws): 
0.007007172416729523
Mean(tsidraws): 
0.15047879105267423
Mean(msij): 
0.007007172416729524
Mean(sij_sd): 
0.0013632610428779117
Mean(sij_5): 
0.004351062383296975
Mean(sij_lower): 
0.003786160850630032
Mean(sij_upper): 
0.004500968423135743
Mean(so_draws): 
29637934973.396927
