vdraws: 
[[0.29490617 0.13404826 0.19302949 ... 0.01608579 0.14209115 0.09651475]
 [0.29411765 0.13368984 0.18983957 ... 0.01604278 0.14438503 0.09625668]
 [0.29301075 0.13978495 0.18817204 ... 0.01344086 0.14516129 0.09677419]
 ...
 [0.31182796 0.15322581 0.18817204 ... 0.02419355 0.14247312 0.09139785]
 [0.30769231 0.15119363 0.18832891 ... 0.0265252  0.14058355 0.09018568]
 [0.30666667 0.15466667 0.18933333 ... 0.02666667 0.13866667 0.09066667]]
vdrawsh: 
[[0.2 0.2 0.4 ... 0.1 0.  0. ]
 [0.2 0.2 0.4 ... 0.1 0.  0. ]
 [0.2 0.2 0.4 ... 0.1 0.  0. ]
 ...
 [0.2 0.2 0.4 ... 0.1 0.  0. ]
 [0.2 0.2 0.4 ... 0.1 0.  0. ]
 [0.2 0.2 0.4 ... 0.1 0.  0. ]]
mvdraws: 
[0.30684049 0.14378556 0.18405462 0.06523607 0.04560382 0.02326906
 0.13988363 0.09132673]
mvdrawsh: 
[0.19696364 0.19696364 0.40910909 0.09848182 0.         0.09848182
 0.         0.        ]
vdraws_sd: 
[0.00581192 0.00589409 0.00654827 0.01064899 0.0035797  0.00536085
 0.00527666 0.00566528]
vdrawsh_sd: 
[0.00678308 0.00678308 0.02034923 0.00339154 0.         0.00339154
 0.         0.        ]
vdraws_5: 
[0.29301075 0.12947658 0.17066635 0.04232804 0.03947368 0.01344068
 0.12698413 0.0802139 ]
vdrawsh_5: 
[0.18181818 0.18181818 0.4        0.09090909 0.         0.09090909
 0.         0.        ]
vdraws_lower: 
[0.29144099 0.12841608 0.16966581 0.03968254 0.03906271 0.01317541
 0.12614994 0.07764501]
vdrawsh_lower: 
[0.18181818 0.18181818 0.4        0.09090909 0.         0.09090909
 0.         0.        ]
vdraws_upper: 
[0.29427064 0.1302546  0.17164658 0.0427226  0.03962917 0.01351351
 0.12827225 0.08064516]
vdrawsh_upper: 
[0.18181818 0.18181818 0.4        0.09090909 0.         0.09090909
 0.         0.        ]
q_lower: 
0.025
q_upper: 
0.975
modeltype: 
4
